HD131156 53000 222.8475 19.1004722222
HD131156 53001 222.759267127 19.1837845592
HD131156 53003 222.935732873 19.1837845592
HD131156 53006 222.759355961 19.0171179137
HD131156 53008 222.935644039 19.0171179137
HD220096 53300 350.314583333 -26.98677777778
HD220096 53301 350.221136369 -26.9034136068
HD220096 53303 350.408030298 -26.9034136068
HD220096 53306 350.220997843 -27.0700802277
HD220096 53308 350.408168823 -27.0700802277
HD82210 53200 143.62 69.8304722222
HD82210 53201 143.377353815 69.9136399191
HD82210 53203 143.862646185 69.9136399191
HD82210 53206 143.379267758 69.7469745589
HD82210 53208 143.860732242 69.7469745589
HD11443 53050 28.2704166667 29.5784166667
HD11443 53051 28.1745169401 29.6617155752
HD11443 53053 28.3663163933 29.6617155752
HD11443 53056 28.1746751424 19.4950489653
HD11443 53058 28.3661581909 29.4950489653
